
100
111

010
010
111

010
111
010

010
111

11
11

101
111

111

01
11
10

10
11

001
011
110

11

01
10
10
10
11

111
100
100
100
100

00010
00010
00011
01110
11000

001
011
110
100

010
111
110

111

10
11
10
10

011
110
110

010
110
111

010
010
111
100

10
11

11
11
11

111
010
010
010

1000
1100
0110
0011

1111

100
111
001
001

10
11
10
11
10

10
11
11
10

010
010
010
111
101

11

1000
1110
1011

01
01
11
10
10

1100
0100
0111
1100
1000

10
10
11
10

01
11
10

1001
1111

00011
10001
11111

1000
1000
1100
0111

110
011
110
011
010

10
11
11

0100
0100
1111

11
11

01
11
11
10

111
010
110

1111

010
111

1000
1000
1111

0110
1100
0111

01
11
10
10

100
111

10
11
10
10
10

00111
00100
00100
00100
11100

01
01
11
10
11
10

1111

1100
0100
0111
0001

010
010
111
010
010

001
001
111

1
1
1
1
1
1

101
111
010
110

0010
1110
0111
0100

011
010
010
111

10
10
11
10
10

1100
0100
0101
1111

001
011
110
100
110

011
010
010
010
110
100

1010
1111

1100
0101
0101
0111

10
11
10
10
10

1000
1010
1111
0100
0100

11
10
10
10
10
10
10

010
111
100
100

11

001
101
111

010
111
101

00100
00100
11111
00100
00100

0001
0011
0010
0010
0110
1100

11
10
11
10
11

0100
0100
0100
1111
0100

01
11
10
10
10

011
010
110
100

011
010
110
011
010
010

110
110
011
010
010
010

010
011
110
010

1100
1111

0011
1110
1000
1100

011
101
011
110

010
010
111
010

111
101
100
110

010
011
110
100

100
110
111

10
10
10
11

0100
1111
1000

011
110
100
100

01
11
10
11

